//======================================
// NORMAL DROP
//======================================
0
//EventName				DropZen	ItemDropRate	ItemDropCount	ItemDropType	Fireworks	
"Box of Kundun 1"		1000	100				20				1				0
end

1
//Item		MinLvl		MaxLvl		Skill		Luck		Opt		Exce	Comment
//00,000	0			0			0			0			0		0	
//-----------------------------------------------------------------------------------------
007,000		0			0			0			1			0		2		//Set Bronce
008,000		0			0			0			1			0		2		//Set Bronce
009,000		0			0			0			1			0		2		//Set Bronce
010,000		0			0			0			1			0		2		//Set Bronce
011,000		0			0			0			1			0		2		//Set Bronce
//-----------------------------------------------------------------------------------------
007,002		0			0			0			1			0		2		//Set Pad
008,002		0			0			0			1			0		2		//Set Pad
009,002		0			0			0			1			0		2		//Set Pad
010,002		0			0			0			1			0		2		//Set Pad
011,002		0			0			0			1			0		2		//Set Pad
//-----------------------------------------------------------------------------------------
007,010		0			0			0			1			0		2		//Set Vine
008,010		0			0			0			1			0		2		//Set Vine
009,010		0			0			0			1			0		2		//Set Vine
010,010		0			0			0			1			0		2		//Set Vine
011,010		0			0			0			1			0		2		//Set Vine
//=====================================
//	SWORDS
//=====================================				
000,000		0			0			1			1			0		1		//Kris
000,001		0			0			1			1			0		1		//Short Sword
000,002		0			0			1			1			0		1		//Rapier
000,004		0			0			1			1			0		1		//Sword of Assassin
000,005		0			0			1			1			0		1		//Blade
000,006		0			0			1			1			0		1		//Gladius
000,007		0			0			1			1			0		1		//Falchion
000,008		0			0			1			1			0		1		//Serpent Sword
000,009		0			0			1			1			0		1		//Salamander Sword
000,003		0			0			1			1			0		1		//Katana
//=====================================
//	AXES
//=====================================				
001,000		0			0			1			1			0		1		//Small Axe
001,001		0			0			1			1			0		1		//Hand Axe
001,002		0			0			1			1			0		1		//Double Axe
001,003     0           0           1           1           0       1       //Tomahawk
001,004     0           0           1           1           0       1       //Elven Axe
001,005     0           0           1           1           0       1       //Battle Axe
001,006		0			0			1			1			0		1		//Nikea Axe
//=====================================
//	SPEARS
//=====================================		
003,001		0			0			1			1			0		1		//Spear	
003,002		0			0			1			1			0		1		//Dragon Lance	
003,000		0			0			1			1			0		1		//Light Spear
003,003		0			0			1			1			0		1		//Giant Trident
003,005		0			0			1			1			0		1		//Double Poleaxe
003,006		0			0			1			1			0		1		//Halberd
003,007		0			0			1			1			0		1		//Berdysh
//=====================================
//	BOWS & CROSSBOWS
//=====================================					
004,000		0			0			1			1			0		1		//Short Bow
004,001		0			0			1			1			0		1		//Bow
004,002		0			0			1			1			0		1		//Elven Bow
004,008		0			0			1			1			0		1		//Crossbow
004,010		0			0			1			1			0		1		//Arquebus
004,011		0			0			1			1			0		1		//Light Crossbow
004,003		0			0			1			1			0		1		//Battle Bow
//=====================================
//	STAFFS
//=====================================					
005,000		0			0			1			1			0		1		//Skull Staff
005,001		0			0			1			1			0		1		//Angelic Staff
005,002		0			0			1			1			0		1		//Serpent Staff
//=====================================
//	SHIELDS
//=====================================					
006,000		0			0			1			1			0		1		//Small Shield
006,001		0			0			1			1			0		1		//Horn Shield
006,002		0			0			1			1			0		1		//Kite Shield
006,006		0			0			1			1			0		1		//Skull Shield
006,004		0			0			1			1			0		1		//Buckler
006,010		0			0			1			1			0		1		//Large Round Shield
//=====================================
//	MACES & SCEPTERS
//=====================================				
002,000		0			0			1			0			0		1		//Mace
002,001		0			0			1			0			0		1		//Morning Star
002,002		0			0			1			0			0		1		//Flail
end